01 admin               00000000000000000000
09 admin               05_LINDI________________10000_00050000_05SP        
00                     00000000000000000000
00                     00000000000000000000
01 admin               00000000000000000000
00                     00000000000000000000
01 Majlind             00000000000000000000
00                     00000000000000000000
01 admin               00000000000000000000
08 admin               05_LINDI________________10000_00050000_05
01 admin               00000000000000000000
01 admin2              00000000000000000000
00                     00000000000000000000
01 admin               00000000000000000000
00                     00000000000000000000
01 testt               00000000000000000000
00                     00000000000000000000
01 admin               00000000000000000000
00                     00000000000000000000
00                     00000000000000000000
01 testt               00000000000000000000
01 admin               00000000000000000000
01 admin               00000000000000000000
00                     00000000000000000000
01 testt               00000000000000000000
01 admin               00000000000000000000
06 admin               05TESTTTXXXXXXXXXXXXXX100000001000005
05 admin               05TESTTTXXXXXXXXXXXXXX100000001000005
00                     00000000000000000000
06 Hasan               05HASANXXXXXXXXXXXXXXX100010002000005
07 Hasan               05HASANXXXXXXXXXXXXXXX100010002000005
06 Hasan               05HASANXXXXXXXXXXXXXXX100020012330005
00                     00000000000000000000
01 admin               00000000000000000000
00                     00000000000000000000
01 testt               00000000000000000000
00                     00000000000000000000
01 admin               00000000000000000000
00                     00000000000000000000
00                     00000000000000000000
00                     00000000000000000000
00                     00000000000000000000
00                     00000000000000000000
01 admin               00000000000000000000
00                     00000000000000000000
01 Ertan ILIYAZ        00000000000000000000
00                     00000000000000000000
01 admin               00000000000000000000
03 admin               05TESTTTXXXXXXXXXXXXXX10000000100000505TESTTTXXXXXXXXXXXXXX100000001000005
00                     00000000000000000000
01 testt               00000000000000000000
00                     00000000000000000000
01 admin               00000000000000000000
00                     00000000000000000000
01 admin               00000000000000000000
00                     00000000000000000000
01 testt               00000000000000000000
00                     00000000000000000000
06 admin222            05LENDRITTXXXXXXXXXXXX100030001230005
06 admin222            05LENDRITTTXXXXXXXXXXX100040123450005
00                     00000000000000000000
01 admin               00000000000000000000
00                     00000000000000000000
01 admin               00000000000000000000
06 admin               05AABXXXXXXXXXXXXXXXXX100050001000005
00                     00000000000000000000
00                     00000000000000000000
01 aab                 00000000000000000000
00                     00000000000000000000
01 admin               00000000000000000000
00                     00000000000000000000
01 aab                 00000000000000000000
06 aab                 05AABXXXXXXXXXXXXXXXXX100060002000005
00                     00000000000000000000
01 admin               00000000000000000000
00                     00000000000000000000
01 aab                 00000000000000000000
07 aab                 05AABXXXXXXXXXXXXXXXXX100060002000005
06 aab                 05AABXXXXXXXXXXXXXXXXX100070001000005
00                     00000000000000000000
01 admin               00000000000000000000
00                     00000000000000000000
01 aab                 00000000000000000000
00                     00000000000000000000
01 admin               00000000000000000000
00                     00000000000000000000
01 aab                 00000000000000000000
00                     00000000000000000000
01 aab                 00000000000000000000
00                     00000000000000000000
01 admin               00000000000000000000
00                     00000000000000000000
01 aab                 00000000000000000000
00                     00000000000000000000
01 admin               00000000000000000000
00                     00000000000000000000
01 admin               00000000000000000000
00                     00000000000000000000
01 admin               00000000000000000000
07 admin               05AABXXXXXXXXXXXXXXXXX100050001000005
00                     00000000000000000000
01 aab                 00000000000000000000
00                     00000000000000000000
01 admin               00000000000000000000
00                     00000000000000000000
01 aab                 00000000000000000000
00                     00000000000000000000
01 admin               00000000000000000000
09 admin               05TESTTTXXXXXXXXXXXXXX100000001000005NP        
